New.ReferenceOTU5,225259,0.394000
New.ReferenceOTU5,1099710,0.465000
New.ReferenceOTU5,851799,0.662000
New.ReferenceOTU5,238830,0.507000
New.ReferenceOTU5,New.ReferenceOTU248,0.394000
New.ReferenceOTU5,862357,0.465000
New.ReferenceOTU5,269930,0.606000
New.ReferenceOTU5,New.ReferenceOTU697,0.239000
New.ReferenceOTU5,227343,0.549000
New.ReferenceOTU5,New.ReferenceOTU462,0.690000
New.ReferenceOTU5,New.ReferenceOTU500,0.634000
New.ReferenceOTU5,New.ReferenceOTU540,0.282000
New.ReferenceOTU119,1099710,0.296000
New.ReferenceOTU119,851799,0.352000
New.ReferenceOTU119,238830,0.310000
New.ReferenceOTU119,New.ReferenceOTU248,0.254000
New.ReferenceOTU119,New.ReferenceOTU28,0.338000
New.ReferenceOTU119,227343,0.324000
New.ReferenceOTU552,225259,0.521000
New.ReferenceOTU552,1099710,0.563000
New.ReferenceOTU552,851799,0.887000
New.ReferenceOTU552,238830,0.634000
New.ReferenceOTU552,4303213,0.662000
New.ReferenceOTU552,New.ReferenceOTU248,0.465000
New.ReferenceOTU552,4354703,0.479000
New.ReferenceOTU552,862357,0.648000
New.ReferenceOTU552,3494917,0.761000
New.ReferenceOTU552,4456891,0.296000
New.ReferenceOTU552,269930,0.817000
New.ReferenceOTU552,New.ReferenceOTU28,0.845000
New.ReferenceOTU552,3562626,0.296000
New.ReferenceOTU552,New.ReferenceOTU228,0.324000
New.ReferenceOTU552,New.ReferenceOTU462,0.859000
New.ReferenceOTU552,New.ReferenceOTU500,0.803000
New.ReferenceOTU552,New.ReferenceOTU540,0.394000
1122504,225259,0.549000
1122504,1099710,0.563000
1122504,851799,0.915000
1122504,238830,0.634000
1122504,4303213,0.662000
1122504,New.ReferenceOTU248,0.465000
1122504,4354703,0.507000
1122504,862357,0.648000
1122504,3494917,0.803000
1122504,4456891,0.310000
1122504,New.ReferenceOTU28,0.887000
1122504,3562626,0.310000
1122504,New.ReferenceOTU228,0.324000
1122504,New.ReferenceOTU462,0.901000
1122504,New.ReferenceOTU500,0.831000
1122504,New.ReferenceOTU540,0.408000
225259,New.ReferenceOTU5,0.394000
225259,New.ReferenceOTU552,0.521000
225259,1122504,0.549000
225259,572889,0.296000
225259,1099710,0.324000
225259,16195,0.296000
225259,4345285,0.338000
225259,New.ReferenceOTU171,0.310000
225259,851799,0.507000
225259,New.ReferenceOTU701,0.479000
225259,226338,0.296000
225259,238830,0.324000
225259,4303213,0.380000
225259,284123,0.507000
225259,New.ReferenceOTU568,0.437000
225259,New.ReferenceOTU248,0.254000
225259,4439398,0.408000
225259,4354703,0.338000
225259,557974,0.493000
225259,862357,0.380000
225259,New.ReferenceOTU451,0.549000
225259,3494917,0.437000
225259,269930,0.535000
225259,68617,0.211000
225259,815573,0.394000
225259,4353264,0.493000
225259,New.ReferenceOTU712,0.465000
225259,4045626,0.352000
225259,New.ReferenceOTU28,0.507000
225259,New.ReferenceOTU81,0.423000
225259,227343,0.493000
225259,New.ReferenceOTU462,0.507000
225259,New.ReferenceOTU500,0.451000
225259,New.ReferenceOTU540,0.296000
308444,4303213,0.211000
572889,225259,0.296000
1099710,New.ReferenceOTU5,0.465000
1099710,New.ReferenceOTU119,0.296000
1099710,New.ReferenceOTU552,0.563000
1099710,1122504,0.563000
1099710,225259,0.324000
1099710,New.ReferenceOTU287,0.254000
1099710,New.ReferenceOTU171,0.394000
1099710,851799,0.535000
1099710,238830,0.451000
1099710,4303213,0.451000
1099710,New.ReferenceOTU568,0.535000
1099710,New.ReferenceOTU248,0.465000
1099710,4354703,0.282000
1099710,862357,0.423000
1099710,New.ReferenceOTU451,0.563000
1099710,3494917,0.493000
1099710,269930,0.479000
1099710,4353264,0.507000
1099710,New.ReferenceOTU28,0.521000
1099710,227343,0.479000
1099710,New.ReferenceOTU462,0.563000
1099710,New.ReferenceOTU500,0.521000
1099710,New.ReferenceOTU540,0.268000
New.ReferenceOTU287,1099710,0.254000
New.ReferenceOTU287,851799,0.310000
New.ReferenceOTU287,New.ReferenceOTU248,0.254000
New.ReferenceOTU287,227343,0.296000
16195,225259,0.296000
16195,862357,0.366000
16195,New.ReferenceOTU500,0.465000
4345285,225259,0.338000
New.ReferenceOTU171,225259,0.310000
New.ReferenceOTU171,1099710,0.394000
New.ReferenceOTU171,851799,0.521000
New.ReferenceOTU171,238830,0.423000
New.ReferenceOTU171,New.ReferenceOTU248,0.338000
New.ReferenceOTU171,862357,0.366000
New.ReferenceOTU171,3494917,0.451000
New.ReferenceOTU171,New.ReferenceOTU28,0.493000
New.ReferenceOTU171,227343,0.479000
New.ReferenceOTU171,New.ReferenceOTU500,0.479000
4295230,851799,0.268000
194215,New.ReferenceOTU28,0.296000
571458,851799,0.352000
571458,New.ReferenceOTU540,0.225000
851799,New.ReferenceOTU5,0.662000
851799,New.ReferenceOTU119,0.352000
851799,New.ReferenceOTU552,0.887000
851799,1122504,0.915000
851799,225259,0.507000
851799,1099710,0.535000
851799,New.ReferenceOTU287,0.310000
851799,New.ReferenceOTU171,0.521000
851799,4295230,0.268000
851799,571458,0.352000
851799,30569,0.239000
851799,153941,0.324000
851799,New.ReferenceOTU701,0.789000
851799,238830,0.620000
851799,4303213,0.634000
851799,284123,0.803000
851799,New.ReferenceOTU568,0.761000
851799,New.ReferenceOTU248,0.451000
851799,4439398,0.732000
851799,4354703,0.493000
851799,557974,0.690000
851799,862357,0.634000
851799,New.ReferenceOTU451,0.915000
851799,3494917,0.746000
851799,4456891,0.310000
851799,2937313,0.268000
851799,269930,0.803000
851799,New.ReferenceOTU697,0.239000
851799,815573,0.690000
851799,4353264,0.845000
851799,New.ReferenceOTU157,0.366000
851799,New.ReferenceOTU28,0.817000
851799,510295,0.352000
851799,3562626,0.310000
851799,New.ReferenceOTU228,0.282000
851799,227343,0.789000
851799,New.ReferenceOTU462,0.831000
851799,New.ReferenceOTU500,0.761000
851799,New.ReferenceOTU540,0.394000
30569,851799,0.239000
30569,New.ReferenceOTU701,0.225000
30569,New.ReferenceOTU28,0.225000
30569,New.ReferenceOTU462,0.225000
153941,851799,0.324000
New.ReferenceOTU701,225259,0.479000
New.ReferenceOTU701,851799,0.789000
New.ReferenceOTU701,30569,0.225000
New.ReferenceOTU701,238830,0.577000
New.ReferenceOTU701,New.ReferenceOTU248,0.408000
New.ReferenceOTU701,4354703,0.408000
New.ReferenceOTU701,862357,0.549000
New.ReferenceOTU701,3494917,0.704000
New.ReferenceOTU701,New.ReferenceOTU28,0.775000
New.ReferenceOTU701,3562626,0.282000
New.ReferenceOTU701,New.ReferenceOTU462,0.817000
New.ReferenceOTU701,New.ReferenceOTU500,0.761000
New.ReferenceOTU701,New.ReferenceOTU540,0.352000
226338,225259,0.296000
226338,238830,0.394000
226338,4303213,0.423000
226338,3494917,0.493000
226338,New.ReferenceOTU28,0.535000
226338,New.ReferenceOTU462,0.549000
226338,New.ReferenceOTU500,0.535000
238830,New.ReferenceOTU5,0.507000
238830,New.ReferenceOTU119,0.310000
238830,New.ReferenceOTU552,0.634000
238830,1122504,0.634000
238830,225259,0.324000
238830,1099710,0.451000
238830,New.ReferenceOTU171,0.423000
238830,851799,0.620000
238830,New.ReferenceOTU701,0.577000
238830,226338,0.394000
238830,4303213,0.465000
238830,284123,0.592000
238830,New.ReferenceOTU568,0.549000
238830,New.ReferenceOTU248,0.394000
238830,4439398,0.507000
238830,4354703,0.296000
238830,862357,0.479000
238830,New.ReferenceOTU451,0.634000
238830,3494917,0.563000
238830,2937313,0.225000
238830,269930,0.577000
238830,4353264,0.577000
238830,New.ReferenceOTU28,0.592000
238830,New.ReferenceOTU228,0.268000
238830,227343,0.549000
238830,New.ReferenceOTU462,0.634000
238830,New.ReferenceOTU500,0.577000
238830,New.ReferenceOTU540,0.254000
4303213,New.ReferenceOTU552,0.662000
4303213,1122504,0.662000
4303213,225259,0.380000
4303213,308444,0.211000
4303213,1099710,0.451000
4303213,851799,0.634000
4303213,226338,0.423000
4303213,238830,0.465000
4303213,New.ReferenceOTU248,0.380000
4303213,557974,0.465000
4303213,862357,0.465000
4303213,New.ReferenceOTU451,0.662000
4303213,3494917,0.549000
4303213,269930,0.563000
4303213,4353264,0.592000
4303213,New.ReferenceOTU28,0.606000
4303213,3562626,0.239000
4303213,227343,0.563000
4303213,New.ReferenceOTU462,0.620000
4303213,New.ReferenceOTU500,0.606000
4303213,New.ReferenceOTU540,0.282000
284123,225259,0.507000
284123,851799,0.803000
284123,238830,0.592000
284123,New.ReferenceOTU248,0.437000
284123,4354703,0.451000
284123,862357,0.549000
284123,3494917,0.704000
284123,4456891,0.268000
284123,New.ReferenceOTU28,0.789000
284123,3562626,0.310000
284123,New.ReferenceOTU462,0.831000
284123,New.ReferenceOTU500,0.746000
284123,New.ReferenceOTU540,0.394000
New.ReferenceOTU568,225259,0.437000
New.ReferenceOTU568,1099710,0.535000
New.ReferenceOTU568,851799,0.761000
New.ReferenceOTU568,238830,0.549000
New.ReferenceOTU568,New.ReferenceOTU248,0.437000
New.ReferenceOTU568,4354703,0.408000
New.ReferenceOTU568,3494917,0.690000
New.ReferenceOTU568,New.ReferenceOTU28,0.746000
New.ReferenceOTU568,3562626,0.282000
New.ReferenceOTU568,New.ReferenceOTU462,0.761000
New.ReferenceOTU568,New.ReferenceOTU500,0.718000
New.ReferenceOTU568,New.ReferenceOTU540,0.352000
New.ReferenceOTU248,New.ReferenceOTU5,0.394000
New.ReferenceOTU248,New.ReferenceOTU119,0.254000
New.ReferenceOTU248,New.ReferenceOTU552,0.465000
New.ReferenceOTU248,1122504,0.465000
New.ReferenceOTU248,225259,0.254000
New.ReferenceOTU248,1099710,0.465000
New.ReferenceOTU248,New.ReferenceOTU287,0.254000
New.ReferenceOTU248,New.ReferenceOTU171,0.338000
New.ReferenceOTU248,851799,0.451000
New.ReferenceOTU248,New.ReferenceOTU701,0.408000
New.ReferenceOTU248,238830,0.394000
New.ReferenceOTU248,4303213,0.380000
New.ReferenceOTU248,284123,0.437000
New.ReferenceOTU248,New.ReferenceOTU568,0.437000
New.ReferenceOTU248,4439398,0.366000
New.ReferenceOTU248,4354703,0.225000
New.ReferenceOTU248,557974,0.296000
New.ReferenceOTU248,862357,0.366000
New.ReferenceOTU248,New.ReferenceOTU451,0.465000
New.ReferenceOTU248,3494917,0.394000
New.ReferenceOTU248,269930,0.408000
New.ReferenceOTU248,815573,0.380000
New.ReferenceOTU248,4353264,0.423000
New.ReferenceOTU248,New.ReferenceOTU712,0.423000
New.ReferenceOTU248,New.ReferenceOTU28,0.423000
New.ReferenceOTU248,New.ReferenceOTU81,0.394000
New.ReferenceOTU248,227343,0.394000
New.ReferenceOTU248,New.ReferenceOTU462,0.465000
New.ReferenceOTU248,New.ReferenceOTU500,0.451000
New.ReferenceOTU248,New.ReferenceOTU540,0.211000
4439398,225259,0.408000
4439398,851799,0.732000
4439398,238830,0.507000
4439398,New.ReferenceOTU248,0.366000
4439398,862357,0.507000
4439398,3494917,0.648000
4439398,New.ReferenceOTU28,0.718000
4439398,New.ReferenceOTU462,0.732000
4439398,New.ReferenceOTU500,0.690000
4439398,New.ReferenceOTU540,0.338000
4354703,New.ReferenceOTU552,0.479000
4354703,1122504,0.507000
4354703,225259,0.338000
4354703,1099710,0.282000
4354703,851799,0.493000
4354703,New.ReferenceOTU701,0.408000
4354703,238830,0.296000
4354703,284123,0.451000
4354703,New.ReferenceOTU568,0.408000
4354703,New.ReferenceOTU248,0.225000
4354703,557974,0.451000
4354703,862357,0.380000
4354703,New.ReferenceOTU451,0.507000
4354703,3494917,0.408000
4354703,4456891,0.268000
4354703,269930,0.493000
4354703,4353264,0.493000
4354703,New.ReferenceOTU712,0.437000
4354703,4045626,0.338000
4354703,New.ReferenceOTU28,0.479000
4354703,22659,0.254000
4354703,227343,0.437000
4354703,New.ReferenceOTU462,0.437000
4354703,New.ReferenceOTU500,0.380000
4354703,New.ReferenceOTU540,0.282000
557974,225259,0.493000
557974,851799,0.690000
557974,4303213,0.465000
557974,New.ReferenceOTU248,0.296000
557974,4354703,0.451000
557974,862357,0.507000
557974,3494917,0.592000
557974,4456891,0.310000
557974,2937313,0.225000
557974,New.ReferenceOTU28,0.676000
557974,3562626,0.268000
557974,New.ReferenceOTU462,0.648000
557974,New.ReferenceOTU500,0.606000
557974,New.ReferenceOTU540,0.338000
862357,New.ReferenceOTU5,0.465000
862357,New.ReferenceOTU552,0.648000
862357,1122504,0.648000
862357,225259,0.380000
862357,1099710,0.423000
862357,16195,0.366000
862357,New.ReferenceOTU171,0.366000
862357,851799,0.634000
862357,New.ReferenceOTU701,0.549000
862357,238830,0.479000
862357,4303213,0.465000
862357,284123,0.549000
862357,New.ReferenceOTU248,0.366000
862357,4439398,0.507000
862357,4354703,0.380000
862357,557974,0.507000
862357,New.ReferenceOTU451,0.648000
862357,3494917,0.563000
862357,269930,0.606000
862357,815573,0.507000
862357,4353264,0.620000
862357,New.ReferenceOTU28,0.620000
862357,3562626,0.225000
862357,227343,0.563000
862357,New.ReferenceOTU462,0.592000
862357,New.ReferenceOTU500,0.549000
862357,New.ReferenceOTU540,0.310000
New.ReferenceOTU451,225259,0.549000
New.ReferenceOTU451,1099710,0.563000
New.ReferenceOTU451,851799,0.915000
New.ReferenceOTU451,238830,0.634000
New.ReferenceOTU451,4303213,0.662000
New.ReferenceOTU451,New.ReferenceOTU248,0.465000
New.ReferenceOTU451,4354703,0.507000
New.ReferenceOTU451,862357,0.648000
New.ReferenceOTU451,3494917,0.803000
New.ReferenceOTU451,4456891,0.310000
New.ReferenceOTU451,New.ReferenceOTU28,0.887000
New.ReferenceOTU451,3562626,0.310000
New.ReferenceOTU451,New.ReferenceOTU228,0.324000
New.ReferenceOTU451,New.ReferenceOTU462,0.901000
New.ReferenceOTU451,New.ReferenceOTU500,0.831000
New.ReferenceOTU451,New.ReferenceOTU540,0.408000
3494917,New.ReferenceOTU552,0.761000
3494917,1122504,0.803000
3494917,225259,0.437000
3494917,1099710,0.493000
3494917,New.ReferenceOTU171,0.451000
3494917,851799,0.746000
3494917,New.ReferenceOTU701,0.704000
3494917,226338,0.493000
3494917,238830,0.563000
3494917,4303213,0.549000
3494917,284123,0.704000
3494917,New.ReferenceOTU568,0.690000
3494917,New.ReferenceOTU248,0.394000
3494917,4439398,0.648000
3494917,4354703,0.408000
3494917,557974,0.592000
3494917,862357,0.563000
3494917,New.ReferenceOTU451,0.803000
3494917,4456891,0.254000
3494917,269930,0.704000
3494917,New.ReferenceOTU697,0.239000
3494917,815573,0.662000
3494917,4353264,0.746000
3494917,4045626,0.408000
3494917,New.ReferenceOTU28,0.789000
3494917,New.ReferenceOTU574,0.324000
3494917,3562626,0.282000
3494917,New.ReferenceOTU228,0.310000
3494917,227343,0.648000
3494917,New.ReferenceOTU462,0.746000
3494917,New.ReferenceOTU500,0.718000
3494917,New.ReferenceOTU540,0.338000
4456891,New.ReferenceOTU552,0.296000
4456891,1122504,0.310000
4456891,851799,0.310000
4456891,284123,0.268000
4456891,4354703,0.268000
4456891,557974,0.310000
4456891,New.ReferenceOTU451,0.310000
4456891,3494917,0.254000
4456891,269930,0.310000
4456891,4353264,0.310000
4456891,New.ReferenceOTU28,0.282000
4456891,227343,0.310000
4456891,New.ReferenceOTU462,0.268000
4456891,New.ReferenceOTU500,0.225000
2937313,851799,0.268000
2937313,238830,0.225000
2937313,557974,0.225000
2937313,4353264,0.282000
2937313,227343,0.282000
269930,New.ReferenceOTU5,0.606000
269930,New.ReferenceOTU552,0.817000
269930,225259,0.535000
269930,1099710,0.479000
269930,851799,0.803000
269930,238830,0.577000
269930,4303213,0.563000
269930,New.ReferenceOTU248,0.408000
269930,4354703,0.493000
269930,862357,0.606000
269930,3494917,0.704000
269930,4456891,0.310000
269930,New.ReferenceOTU697,0.225000
269930,New.ReferenceOTU395,0.225000
269930,New.ReferenceOTU28,0.775000
269930,New.ReferenceOTU228,0.254000
269930,227343,0.718000
269930,New.ReferenceOTU462,0.789000
269930,New.ReferenceOTU500,0.718000
269930,New.ReferenceOTU540,0.394000
New.ReferenceOTU697,New.ReferenceOTU5,0.239000
New.ReferenceOTU697,851799,0.239000
New.ReferenceOTU697,3494917,0.239000
New.ReferenceOTU697,269930,0.225000
New.ReferenceOTU697,815573,0.268000
New.ReferenceOTU697,New.ReferenceOTU28,0.254000
New.ReferenceOTU697,New.ReferenceOTU500,0.254000
68617,225259,0.211000
815573,225259,0.394000
815573,851799,0.690000
815573,New.ReferenceOTU248,0.380000
815573,862357,0.507000
815573,3494917,0.662000
815573,New.ReferenceOTU697,0.268000
815573,New.ReferenceOTU28,0.704000
815573,New.ReferenceOTU500,0.676000
815573,New.ReferenceOTU540,0.324000
4353264,225259,0.493000
4353264,1099710,0.507000
4353264,851799,0.845000
4353264,238830,0.577000
4353264,4303213,0.592000
4353264,New.ReferenceOTU248,0.423000
4353264,4354703,0.493000
4353264,862357,0.620000
4353264,3494917,0.746000
4353264,4456891,0.310000
4353264,2937313,0.282000
4353264,New.ReferenceOTU28,0.817000
4353264,3562626,0.296000
4353264,New.ReferenceOTU228,0.296000
4353264,New.ReferenceOTU462,0.817000
4353264,New.ReferenceOTU500,0.746000
4353264,New.ReferenceOTU540,0.366000
New.ReferenceOTU712,225259,0.465000
New.ReferenceOTU712,New.ReferenceOTU248,0.423000
New.ReferenceOTU712,4354703,0.437000
New.ReferenceOTU712,New.ReferenceOTU28,0.732000
New.ReferenceOTU712,New.ReferenceOTU540,0.338000
New.ReferenceOTU395,269930,0.225000
New.ReferenceOTU157,851799,0.366000
4045626,225259,0.352000
4045626,4354703,0.338000
4045626,3494917,0.408000
4045626,New.ReferenceOTU28,0.451000
4045626,New.ReferenceOTU540,0.296000
New.ReferenceOTU28,New.ReferenceOTU119,0.338000
New.ReferenceOTU28,New.ReferenceOTU552,0.845000
New.ReferenceOTU28,1122504,0.887000
New.ReferenceOTU28,225259,0.507000
New.ReferenceOTU28,1099710,0.521000
New.ReferenceOTU28,New.ReferenceOTU171,0.493000
New.ReferenceOTU28,194215,0.296000
New.ReferenceOTU28,851799,0.817000
New.ReferenceOTU28,30569,0.225000
New.ReferenceOTU28,New.ReferenceOTU701,0.775000
New.ReferenceOTU28,226338,0.535000
New.ReferenceOTU28,238830,0.592000
New.ReferenceOTU28,4303213,0.606000
New.ReferenceOTU28,284123,0.789000
New.ReferenceOTU28,New.ReferenceOTU568,0.746000
New.ReferenceOTU28,New.ReferenceOTU248,0.423000
New.ReferenceOTU28,4439398,0.718000
New.ReferenceOTU28,4354703,0.479000
New.ReferenceOTU28,557974,0.676000
New.ReferenceOTU28,862357,0.620000
New.ReferenceOTU28,New.ReferenceOTU451,0.887000
New.ReferenceOTU28,3494917,0.789000
New.ReferenceOTU28,4456891,0.282000
New.ReferenceOTU28,269930,0.775000
New.ReferenceOTU28,New.ReferenceOTU697,0.254000
New.ReferenceOTU28,815573,0.704000
New.ReferenceOTU28,4353264,0.817000
New.ReferenceOTU28,New.ReferenceOTU712,0.732000
New.ReferenceOTU28,4045626,0.451000
New.ReferenceOTU28,New.ReferenceOTU574,0.352000
New.ReferenceOTU28,3562626,0.296000
New.ReferenceOTU28,227343,0.746000
New.ReferenceOTU28,New.ReferenceOTU462,0.817000
New.ReferenceOTU28,New.ReferenceOTU500,0.775000
New.ReferenceOTU28,New.ReferenceOTU540,0.394000
New.ReferenceOTU574,3494917,0.324000
New.ReferenceOTU574,New.ReferenceOTU28,0.352000
250302,New.ReferenceOTU540,0.254000
510295,851799,0.352000
3562626,New.ReferenceOTU552,0.296000
3562626,1122504,0.310000
3562626,851799,0.310000
3562626,New.ReferenceOTU701,0.282000
3562626,4303213,0.239000
3562626,284123,0.310000
3562626,New.ReferenceOTU568,0.282000
3562626,557974,0.268000
3562626,862357,0.225000
3562626,New.ReferenceOTU451,0.310000
3562626,3494917,0.282000
3562626,4353264,0.296000
3562626,New.ReferenceOTU28,0.296000
3562626,New.ReferenceOTU462,0.282000
New.ReferenceOTU228,New.ReferenceOTU552,0.324000
New.ReferenceOTU228,1122504,0.324000
New.ReferenceOTU228,851799,0.282000
New.ReferenceOTU228,238830,0.268000
New.ReferenceOTU228,New.ReferenceOTU451,0.324000
New.ReferenceOTU228,3494917,0.310000
New.ReferenceOTU228,269930,0.254000
New.ReferenceOTU228,4353264,0.296000
New.ReferenceOTU228,227343,0.282000
New.ReferenceOTU228,New.ReferenceOTU500,0.296000
22659,4354703,0.254000
New.ReferenceOTU81,225259,0.423000
New.ReferenceOTU81,New.ReferenceOTU248,0.394000
New.ReferenceOTU81,New.ReferenceOTU540,0.338000
227343,New.ReferenceOTU5,0.549000
227343,New.ReferenceOTU119,0.324000
227343,225259,0.493000
227343,1099710,0.479000
227343,New.ReferenceOTU287,0.296000
227343,New.ReferenceOTU171,0.479000
227343,851799,0.789000
227343,238830,0.549000
227343,4303213,0.563000
227343,New.ReferenceOTU248,0.394000
227343,4354703,0.437000
227343,862357,0.563000
227343,3494917,0.648000
227343,4456891,0.310000
227343,2937313,0.282000
227343,269930,0.718000
227343,New.ReferenceOTU28,0.746000
227343,New.ReferenceOTU228,0.282000
227343,New.ReferenceOTU462,0.732000
227343,New.ReferenceOTU500,0.676000
227343,New.ReferenceOTU540,0.366000
New.ReferenceOTU185,New.ReferenceOTU462,0.338000
New.ReferenceOTU462,New.ReferenceOTU5,0.690000
New.ReferenceOTU462,New.ReferenceOTU552,0.859000
New.ReferenceOTU462,1122504,0.901000
New.ReferenceOTU462,225259,0.507000
New.ReferenceOTU462,1099710,0.563000
New.ReferenceOTU462,851799,0.831000
New.ReferenceOTU462,30569,0.225000
New.ReferenceOTU462,New.ReferenceOTU701,0.817000
New.ReferenceOTU462,226338,0.549000
New.ReferenceOTU462,238830,0.634000
New.ReferenceOTU462,4303213,0.620000
New.ReferenceOTU462,284123,0.831000
New.ReferenceOTU462,New.ReferenceOTU568,0.761000
New.ReferenceOTU462,New.ReferenceOTU248,0.465000
New.ReferenceOTU462,4439398,0.732000
New.ReferenceOTU462,4354703,0.437000
New.ReferenceOTU462,557974,0.648000
New.ReferenceOTU462,862357,0.592000
New.ReferenceOTU462,New.ReferenceOTU451,0.901000
New.ReferenceOTU462,3494917,0.746000
New.ReferenceOTU462,4456891,0.268000
New.ReferenceOTU462,269930,0.789000
New.ReferenceOTU462,4353264,0.817000
New.ReferenceOTU462,New.ReferenceOTU28,0.817000
New.ReferenceOTU462,3562626,0.282000
New.ReferenceOTU462,227343,0.732000
New.ReferenceOTU462,New.ReferenceOTU185,0.338000
New.ReferenceOTU462,New.ReferenceOTU500,0.789000
New.ReferenceOTU462,New.ReferenceOTU540,0.366000
New.ReferenceOTU500,New.ReferenceOTU5,0.634000
New.ReferenceOTU500,New.ReferenceOTU552,0.803000
New.ReferenceOTU500,1122504,0.831000
New.ReferenceOTU500,225259,0.451000
New.ReferenceOTU500,1099710,0.521000
New.ReferenceOTU500,16195,0.465000
New.ReferenceOTU500,New.ReferenceOTU171,0.479000
New.ReferenceOTU500,851799,0.761000
New.ReferenceOTU500,New.ReferenceOTU701,0.761000
New.ReferenceOTU500,226338,0.535000
New.ReferenceOTU500,238830,0.577000
New.ReferenceOTU500,4303213,0.606000
New.ReferenceOTU500,284123,0.746000
New.ReferenceOTU500,New.ReferenceOTU568,0.718000
New.ReferenceOTU500,New.ReferenceOTU248,0.451000
New.ReferenceOTU500,4439398,0.690000
New.ReferenceOTU500,4354703,0.380000
New.ReferenceOTU500,557974,0.606000
New.ReferenceOTU500,862357,0.549000
New.ReferenceOTU500,New.ReferenceOTU451,0.831000
New.ReferenceOTU500,3494917,0.718000
New.ReferenceOTU500,4456891,0.225000
New.ReferenceOTU500,269930,0.718000
New.ReferenceOTU500,New.ReferenceOTU697,0.254000
New.ReferenceOTU500,815573,0.676000
New.ReferenceOTU500,4353264,0.746000
New.ReferenceOTU500,New.ReferenceOTU28,0.775000
New.ReferenceOTU500,New.ReferenceOTU228,0.296000
New.ReferenceOTU500,227343,0.676000
New.ReferenceOTU500,New.ReferenceOTU462,0.789000
New.ReferenceOTU500,New.ReferenceOTU540,0.352000
New.ReferenceOTU540,New.ReferenceOTU5,0.282000
New.ReferenceOTU540,New.ReferenceOTU552,0.394000
New.ReferenceOTU540,1122504,0.408000
New.ReferenceOTU540,225259,0.296000
New.ReferenceOTU540,1099710,0.268000
New.ReferenceOTU540,571458,0.225000
New.ReferenceOTU540,851799,0.394000
New.ReferenceOTU540,New.ReferenceOTU701,0.352000
New.ReferenceOTU540,238830,0.254000
New.ReferenceOTU540,4303213,0.282000
New.ReferenceOTU540,284123,0.394000
New.ReferenceOTU540,New.ReferenceOTU568,0.352000
New.ReferenceOTU540,New.ReferenceOTU248,0.211000
New.ReferenceOTU540,4439398,0.338000
New.ReferenceOTU540,4354703,0.282000
New.ReferenceOTU540,557974,0.338000
New.ReferenceOTU540,862357,0.310000
New.ReferenceOTU540,New.ReferenceOTU451,0.408000
New.ReferenceOTU540,3494917,0.338000
New.ReferenceOTU540,269930,0.394000
New.ReferenceOTU540,815573,0.324000
New.ReferenceOTU540,4353264,0.366000
New.ReferenceOTU540,New.ReferenceOTU712,0.338000
New.ReferenceOTU540,4045626,0.296000
New.ReferenceOTU540,New.ReferenceOTU28,0.394000
New.ReferenceOTU540,250302,0.254000
New.ReferenceOTU540,New.ReferenceOTU81,0.338000
New.ReferenceOTU540,227343,0.366000
New.ReferenceOTU540,New.ReferenceOTU462,0.366000
New.ReferenceOTU540,New.ReferenceOTU500,0.352000
